3.713364509517599
-0.0012555482845345036
0.00017115294654850864
-1.8252487424734427
4.208703145543887
-2.2957719264964713
2.3440379331262498
-0.9801945860276304
0.4042723845992492
0.004375726816090308
2.7837358976644375
6.526991905548895
7.505518388936625
0.0014132841730148489
5.975952664061134
5.45326721019863
3.3291005507608586
1.899199746547573
8.865054006041932
8.62369706484811
2.8176931126471283
8.810742179962961
1.917102951209195
2.0372298081331417
0.23017341845262834
1.1109791081475766
-4.1428759964080015
-3.8136568139830422
-2.8180424671786586
1.9283138653074607
-0.9926981529032953
0.06855790053023571
8.82992508774431
8.559585825076578
2.820430288957112
4.672635824682568
1.30863983798847
5.675923666221107
0.16050611019224917
