4.039882844548932
2.7024505391536064
5.19879123727701
2.2527952420674917
-1.3588494835603104
0.04911812534735446
1.135291164410483
-0.25244874416152113
-2.277339542397284
2.0379527122693815
1.7500359032090487
2.852756787162061
-3.0253748169447077
-0.0002393013741047027
-1.7556033411750925e-5
5.971174472003712
0.00017554937248588016
-2.1893041203154453e-5
3.7825126239391595
1.8606532282742223
3.9983434818765207
3.414122168589775
4.20977906417284
2.9573782419029144
3.5130091468894227
2.291630194556963
1.2724182114450746
4.764281133075774
7.084693273612562
5.349953107032138
3.843529953952287
3.143593502727188
-3.2014411821973567
-2.3930336322656295e-5
-4.166990111622075
-1.9866389730980434
-5.878660495861417
-2.471501038437275
-4.9878651456916114e-5
2.246551440775393
1.2554428058279559
4.7451866540696415
0.6251898469766459
5.747030901015599
3.008678159118458
3.006681250526997
