3.410983532159888
1.5779170199307373
-0.00015740716774029228
-3.40206216081789
3.573524599666745
-1.5465645337758738
2.2672903659745134
-3.4760714086020488
-0.0004084279319815762
0.0006549347454371526
9.062954421122543e-5
3.28388032856983
7.0487941165449
2.501845587338842
2.976304954418394
0.41409356869026137
3.1818093406928
2.8656801973022668
1.4418948015902067
8.789183863344508
1.44935392824993
4.856386370409415
5.225850270450534
3.83348140569273
1.7020486577475415
2.675528957718405
-3.393762103738465
-0.822702304626759
-1.3721360801161082
-0.49558594009397633
-1.4112566888051274
2.7764700330927865
1.4006302355662366
8.745996299058731
2.1474060045035595
1.8589675807461403
5.182671223307308
3.540691038277754
1.5904849122380154
