2.273881065853052
3.690412500067085
0.03260480772142262
0.004116296419682756
-5.305156134184966
-0.2559938885584545
-0.4710267348284628
-2.0116886604970445
-4.432037006710515
-0.005745152320320041
0.0001041912221188924
0.004192375884448073
4.532452178902948
1.5295537980726017
2.2658279513665205
1.5039438890055625
6.791208082769418
0.721307043242093
2.479323942169905
4.476169257179479
0.26470288080158816
1.3562418619508747
2.015093643134257
0.85892791959894
3.0216044430562703
1.4998048415685215
3.1212500347469585
-2.622115743038112
-1.5195216212129115
3.0167254120267724
-0.3474162522241318
2.335699228343698
2.4738504411319826
4.419040138192297
0.2534936789999282
1.4891014603141428
1.3993418347044266
0.1037226936469976
1.3842371679975434
1.4031740725231545
