3.4261768142845552
4.9226817716369675
0.0030521369987563645
0.01550809741623577
1.1203806751333552
0.011990860431611822
0.9081598785723658
0.3076105560529459
-3.099282954269398
3.338865624642157
-0.9657592786004551
-0.5545677006426905
-3.3157294556497643
0.00019870082158927427
-5.400757525896029
0.03334025766582532
0.011596739867489277
0.0004928787744198659
0.00027519902050049475
0.024604712835941712
5.157975355608453
2.7149897449754308
3.623414825608841
5.8009321917753764
2.175587573031563
2.83780978191806
3.973167430549663
5.249693197228944
2.4423779099335485
4.370294523555511
7.264619007362021
9.572034448904956
9.175639700180282
4.29015951482252
2.2072431463692594
-2.0493708070023993
-4.334758906915729
-2.3228252339435103
-2.3264835186285375
-2.7914837503690646
2.001321769637666
5.1854024872819355
2.4434442359760444
4.352329347263462
5.824192948136124
9.328980537436667
2.6041508430973086
4.135447898632152
