3.322941244128777
3.4512873785551696
0.6438476805856254
2.323983476733036
-0.060079100233367023
2.2156653081062334
-2.707053835483785
-0.47266817937725053
-1.426111484914443
-1.280566272516165e-5
0.0050745580166997655
-4.755110939307258e-7
2.4618676742952195
6.514769796440536
4.38330172236516
3.2488921906497423
7.616089596349465
3.9911907657321306
2.022430314553535
1.7269545209961124
8.705670534427313
5.221043017882273
5.421303980559736
5.353134036150709
9.552958885939637
0.345088844188385
-3.4505032153805204
-3.017823371003165
-4.1490385743801745
-1.6171353541047062
-0.6885239887089419
-1.8494664718739384
0.8797563064475927
1.6985298700458151
8.6910024406011
5.20001981640613
1.913452538726035
4.493115702995505
0.3101540470145919
0.2712729102708145
